15C_A_Sym	15C_B_Sym	15C_C_Sym	25C_D_Sym	25C_E_Sym	25C_F_Sym	32C_G_Sym	32C_H_Sym	32C_I_Sym
TRINITY_DN2299_c0_g1	1.36903626867136	1.14655018436121	1.10996928669116	-0.563634365884515	-1.48225611980913	-1.64206673304347	-0.454942917360236	0.956174012597492	-0.438829616223863
TRINITY_DN1530_c0_g1	-1.06106576739215	-0.449661669383378	-0.493074064577323	-1.11245591550841	-0.135041080258034	-0.404730338863285	1.57085535932088	1.26930100991974	0.815872466741961
TRINITY_DN728_c0_g1	4.32170758662228	3.86613511283679	4.07786139775233	2.15815905139715	-3.80374204765231	-3.80374204765231	0.791105042000692	-3.80374204765231	-3.80374204765231
TRINITY_DN1453_c0_g1	1.84767422697067	1.31728780007627	1.35162196984466	1.06227300582151	0.933429663589989	0.628920492651634	-2.66179669917771	-1.64550822021604	-2.83390223956098
TRINITY_DN335_c0_g1	-0.548909140917654	-0.882934840463222	-1.39828395726841	0.598898323080149	1.67451214653911	1.46303523975353	-0.616673702607026	-0.172221824253914	-0.117422243862557
TRINITY_DN1184_c0_g1	1.26679512762375	1.92614219837822	0.850027644810387	-1.81325217998879	-4.4204625404419	-1.52150115017687	1.10481224826662	1.00250436510191	1.60493428642666
TRINITY_DN2119_c0_g1	-1.22250251344688	-1.63062640356799	-1.49091495414713	1.25915959795177	0.879757100714581	0.587481569259218	0.382409275323923	0.764672344428327	0.47056398348419
TRINITY_DN1414_c0_g1	1.40705687402326	1.80595621006441	0.659425443956571	-1.63444954030127	-0.874860739929405	-1.66028300436878	0.13710933707543	-0.292320797164609	0.452366216644386
TRINITY_DN2263_c0_g1	4.14971210398094	1.32625899378561	2.61368111781481	-5.84523808915278	-5.84523808915278	-5.84523808915278	3.70267052969068	2.44602471864392	3.29736680354236
TRINITY_DN1307_c0_g1	-1.27678696316006	-3.68453976914468	-1.86890784290537	2.14737369128151	1.66969016119273	2.62109541617738	-0.0128837009076168	0.091659892019285	0.31329911544683
TRINITY_DN1466_c0_g1	3.53904939441947	3.33083079917433	2.50102035541054	1.23247381188404	-1.87418033723667	-2.17904241762828	-0.616687792266575	-2.57820990261533	-3.35525391114153
TRINITY_DN1958_c0_g1	3.34611139430915	3.09481990878267	2.31704878891997	-4.14583787848407	-4.14583787848407	-4.14583787848407	1.75016749767229	0.736316038802943	1.19305000696517
TRINITY_DN749_c0_g1	1.3629294337327	1.33290919907764	1.00514676630927	-1.85822118583762	-0.614936266965254	-1.88330682987004	0.163048729353967	0.677674358099118	-0.185244203899781
TRINITY_DN1158_c0_g1	-0.914391306799947	-3.7854022063814	-1.56950851446738	1.84453617144414	1.8269585915163	2.58938533879596	-0.273902055710717	0.170646823376922	0.111677158226133
TRINITY_DN207_c0_g1	2.59974818783829	2.43830746334524	1.77598597987248	-0.26730890255515	0.0139530671595054	0.426154244699465	-0.34742770219088	-1.33718345126465	-5.30222888690431
TRINITY_DN579_c0_g1	-0.619457288625485	-1.92862299382036	-1.12566578029866	0.530533106038168	0.144482389867576	-0.744934568923604	1.70527646505531	1.57379776423053	0.46459090647652
TRINITY_DN1625_c0_g1	2.51015482767777	1.953677599223	2.48221331294413	-5.35847021094049	-5.35847021094049	-0.542997249853153	1.62290298617161	2.04064960133852	0.650339344379105
TRINITY_DN1386_c0_g1	-2.46071983338027	-2.15244953005844	-2.59469562126164	1.08226141305547	0.651272052330171	0.208306111661294	1.65498403072918	1.94529129437506	1.66575008254918
TRINITY_DN1210_c0_g1	-1.33292398424134	-1.4488751895698	-0.494451695038705	-0.992296599442467	0.230003530452382	-0.998037530806569	1.98839354017872	1.51876184824416	1.52942608022363
TRINITY_DN280_c0_g1	1.53925892051985	2.69924510606666	1.48146426674391	-1.13785561699034	-1.2928466391549	-2.29677894079684	-0.333047377043078	-0.272973082288427	-0.38646663705684
TRINITY_DN2369_c0_g1	-2.40645180025234	-2.35229022062892	-2.09981298260305	1.1657074989392	0.969323628131706	0.126496554726424	1.56428108477649	1.69612955424896	1.33661668266153
TRINITY_DN311_c0_g1	-1.2106575156062	-1.37259257044447	-2.41845792696988	0.979426740808654	1.04591019467658	0.378541217823006	0.922720795858524	0.913102459324435	0.762006604529352
TRINITY_DN1197_c0_g1	-3.39239290147667	-2.20323646525217	-1.84565954080371	1.55705050189264	1.31255127297265	0.916536001947762	1.33408340354795	1.08420470956691	1.23686301760463
TRINITY_DN391_c0_g1	3.02903327469216	3.3848970821669	2.70740362234116	-4.1388765581751	-4.1388765581751	-4.1388765581751	1.30101248944468	1.89467859258073	0.0996046132996602
TRINITY_DN86_c0_g1	-1.44020366163895	-1.21015623718407	-1.51739269543206	-0.753955609426579	0.115152277283924	0.409995867152726	1.29262200372894	1.47360096883848	1.63033708667759
TRINITY_DN1217_c0_g1	-2.34565917669251	-1.2666255681135	-1.63442981052834	0.703718890651427	0.778838133577596	0.343500378776231	1.12518745482913	1.33293340590514	0.962536291594837
TRINITY_DN1833_c0_g1	-0.000323422971032272	-0.966524618251912	-0.959431576397561	1.60274550780633	2.06012275341379	1.31450733141466	-1.18318191226669	-1.16378644712229	-0.704127615625288
TRINITY_DN1915_c0_g1	1.75715389311571	1.9806596262716	2.41020554120647	-4.26417036309023	-4.26417036309023	-4.26417036309023	2.58850270644388	2.28955875457429	1.76643056765872
TRINITY_DN841_c0_g1	2.08293570258489	3.44754471169563	1.42933000653488	-0.138983510923714	-2.57149512692675	-6.39951733372043	0.54849940305565	0.510015781226462	1.09167036647338
TRINITY_DN1080_c0_g1	2.06049001999523	1.04197953552456	0.936435960179931	-0.826797381838256	-1.11637653979595	-6.61459548893882	1.48453136309806	1.03262546691899	2.00170706485625
TRINITY_DN568_c0_g1	2.45853052138932	2.54701844407822	2.05930810874901	-0.417199905060576	-1.43054416680203	-6.66569679101996	0.547203224813695	0.301621705109794	0.599758858742534
TRINITY_DN1467_c1_g1	-2.40546981458031	-1.92571561363667	-0.869554946410783	0.669103372877288	0.107525990659235	-0.416684014470585	1.14514997732209	2.23818955494331	1.45745549329643
TRINITY_DN867_c0_g1	1.12881972813728	2.0933402474816	1.44476228351044	-0.442246187380983	-2.68515716424929	-2.28021365597616	0.561058672231832	0.337202583600984	-0.157566507355697
TRINITY_DN1456_c0_g1	-1.59708419276473	-2.85092765833178	-0.899971111533164	0.0494658320233441	-0.468385682867348	-3.79830380294517	3.65394578916773	2.86594843101804	3.04531239623309
TRINITY_DN1173_c0_g1	-2.44086723591073	-2.32777661132768	-2.73577693890832	0.864182758794083	0.74562335830538	0.351553290906539	1.81919438110266	2.09675922438289	1.62710777265518
TRINITY_DN1300_c0_g1	1.44860077866983	1.26498378405835	1.37530375950435	-1.57965138907117	-0.681393206720445	-1.08727384117583	-0.0679104212562383	-0.308675766068985	-0.363983697939862
TRINITY_DN2253_c0_g1	-0.903851662069991	-1.37154510571984	-1.45081316627073	0.716756983969793	0.241646426538303	0.588062702828127	1.08176240046537	1.03060299959061	0.0673784206683541
TRINITY_DN1003_c0_g1	1.28868444969224	2.30964921530178	1.53527631922499	0.30082659399839	0.521842139216329	-2.41447717896897	-0.650844841198252	-1.10044661002457	-1.79051008724195
TRINITY_DN1892_c0_g1	0.374830327298344	1.69691302702333	1.22906910076432	2.56322877564715	1.41680013864709	1.83593360993995	-1.99101242436711	-5.84720137518615	-1.27856117976692
TRINITY_DN1593_c0_g1	3.09231572363235	4.30460491948981	2.57898386683714	-3.53819167885502	-3.53819167885502	-3.53819167885502	1.13389416551734	-0.458216302134424	-0.0370073367771502
TRINITY_DN1457_c0_g2	-1.04253753283475	-1.83549798762773	-0.807141625900652	-0.0725869777028034	-0.264854133892815	-0.788041534508109	1.10952173749033	2.27872181101115	1.42241624396538
TRINITY_DN837_c0_g1	3.11901221475327	2.57623228978644	3.09255127308363	-4.27601629977896	-4.27601629977896	-4.27601629977896	1.1431854740698	1.01466612642472	1.88240152121903
TRINITY_DN2053_c0_g1	4.44893416341666	4.68596449193596	2.99959674441859	-2.02241589996187	-2.02241589996187	-2.02241589996187	-2.02241589996187	-2.02241589996187	-2.02241589996187
TRINITY_DN131_c0_g1	1.63774197114906	1.41162571513853	1.39601004137185	-0.449130434905572	-0.890354700512435	-1.05093471198069	-0.588948147242554	0.903624869421859	-2.36963460244003
TRINITY_DN1012_c0_g1	-0.799785416224381	-3.33972983542514	-1.33211886322522	1.63845072064054	1.33711428391917	2.26047257805861	0.185008760548564	-0.31933162431323	0.36991939602108
TRINITY_DN2367_c0_g1	2.07575707851846	3.99937035393047	2.12227897858555	-3.71480646233604	-3.71480646233604	-3.71480646233604	1.66772246210544	0.416124407490411	0.86316610637777
TRINITY_DN721_c0_g1	1.72849593084729	2.31128864977292	2.12268287593756	-1.5724096486024	-1.29945395296852	-0.897551051730907	0.535370330346771	-1.68564255870968	-1.24278057489304
TRINITY_DN1545_c0_g1	1.58857895845754	0.848659134320048	1.57439484528988	-1.36751544863264	-2.23772039682734	-1.50380346228137	0.0939053560730443	0.616649640130314	0.386851373470517
TRINITY_DN1349_c0_g1	-1.44073992102444	-1.15889666237823	-1.25856268002839	-0.248066547231976	0.657717078274808	0.844116587258665	1.03320077477551	0.653211754650484	0.918019615703574
TRINITY_DN903_c0_g1	-1.08594299655967	-2.19300741031827	-0.693924861658834	0.355457782242841	0.813412545266658	-0.0584172468397792	1.34128493530577	0.817905644312823	0.703231608248466
TRINITY_DN2273_c0_g1	1.7357938240213	2.22906256151893	1.11681070074695	1.67249291906417	-1.75415383632498	-1.91485874708312	-0.049190536966961	-1.74979668079203	-1.28616020418426
TRINITY_DN865_c0_g1	-1.55926456303263	0.611050990257102	0.268665641911774	0.393548879507286	3.35779738643579	3.6860857974079	-2.31510630414404	-2.61189370141576	-1.83088412692742
TRINITY_DN2268_c0_g1	1.41886273343278	0.912512761486918	1.52101702628406	-1.85296148358123	-1.57120616498363	-0.169845654976275	-0.115607828234839	-0.19423517000323	0.0514637805754461
TRINITY_DN354_c0_g1	1.85235882429462	1.11846487424657	1.47728734022909	-0.62484303536716	1.22321458494725	-1.47024054781175	-1.01801341376379	-0.743573151002293	-1.81465547577254
TRINITY_DN1331_c0_g1	-1.46252182719394	-1.29244247888375	-1.59724895221151	0.900348505386196	0.516290192749221	0.279903203323823	0.868141813815976	1.02330125183048	0.764228291183509
TRINITY_DN1428_c0_g1	-1.48293608496879	-1.08363865320544	-1.56209903212732	0.656184956976551	0.317174349655225	-0.0425259699489153	1.16558517532328	1.16665332562452	0.865601932670897
TRINITY_DN2023_c0_g1	-0.0340123293848436	-0.979598799617932	0.0755717458592473	0.500761685982867	1.68907363438356	2.72423669415993	-1.84827198303047	-1.57663506816645	-0.551125580185909
TRINITY_DN147_c0_g1	-0.553689235496598	-3.49296010186098	-1.90518851110548	2.37554933449933	1.5547119067273	1.99802005089994	0.353378203863759	-0.0924422507243605	-0.237379396802901
TRINITY_DN1505_c0_g1	-2.14597004720939	-1.77647645432599	-1.67616241470799	0.980441472825547	0.985408292775427	0.324935303752902	1.33427352184702	0.902173576897418	1.07137674814505
TRINITY_DN629_c0_g1	1.6558443564674	2.3518100287522	1.83766393439227	0.110733609878759	3.13860079768997	3.33647506097888	-4.14370926271982	-4.14370926271982	-4.14370926271982
TRINITY_DN1316_c0_g1	-0.64022135858907	-3.69328759455655	-1.6152235167253	2.06546404687	1.90447134093114	2.27956910320813	-0.544338719544193	-0.340037226321019	0.583603924726868
TRINITY_DN1364_c0_g1	-0.474185046257855	-3.94691230808392	-1.69865238842979	2.18751099263999	1.69042133486917	2.32931488402592	-0.172737091505828	0.0540536903464286	0.0311859323958892
TRINITY_DN1613_c0_g1	2.70406464963832	3.37863983685764	1.99769399167036	-3.94896669677116	-3.94896669677116	-3.94896669677116	1.37674351074462	0.682428656924438	1.70732944447811
TRINITY_DN363_c0_g1	-1.05003924669967	-1.67620973178098	-0.802490847365619	-0.587582594849746	-0.134203670860833	-1.27948228827032	2.05644509593058	2.20394942972641	1.26961385417018
TRINITY_DN2211_c0_g1	-0.100365395413519	-3.41422006428356	-1.77935459959867	2.45200764294593	1.59331283741131	2.09421191482507	-0.206091302877416	-0.132266365893946	-0.507234667115188
TRINITY_DN2228_c0_g1	1.77144369385629	0.626724917584784	0.606431269397615	-4.23810503311597	-4.23810503311597	-4.23810503311597	3.32138678008907	2.80041894376554	3.5879094946546
TRINITY_DN2148_c0_g1	-5.87997361661207	-2.17410627050957	-2.33314087761861	1.92263967885023	2.59623388061396	1.74089133611329	1.40525287869131	1.5619745738913	1.16022841658017
TRINITY_DN1126_c0_g1	2.01224702788396	1.28145743991733	1.78027317073739	-1.37067701788347	-1.53090606206122	-1.8805614271137	0.10071814564642	-0.246870660872348	-0.145680616254371
TRINITY_DN434_c0_g1	1.30757669225129	0.815545226175796	0.789054660276409	-1.09107582665515	-2.50414093483737	-0.897752009900993	0.947991127322608	0.538952574811634	0.0938484905557857
TRINITY_DN1313_c0_g1	1.9259368242272	0.255364323451666	1.41216298117534	0.684950744801577	0.628175491508875	-1.57401776548974	-0.739982569660565	-1.3477745855756	-1.24481544443874
TRINITY_DN881_c0_g1	3.18369280312284	2.61997869006718	2.72565369567741	-5.09069000960745	-5.09069000960745	-5.09069000960745	2.49385164368355	1.94403193382888	2.3048612624425
TRINITY_DN2258_c0_g1	1.47603043630428	1.69706999162459	1.29416867568623	-0.539213969031914	-1.41779788807021	-1.41135654995	-0.75585925609853	-0.339173747150911	-0.00386769331354841
TRINITY_DN1978_c0_g1	-1.87288294676489	-1.85301911250044	-2.58095275658623	0.726780027955781	1.00269191689574	0.274064807202469	1.40920445668329	1.53897457425847	1.3551390328558
TRINITY_DN367_c0_g1	-2.30539388668772	-1.28394053411222	-0.597909192675576	1.60432455651603	1.41994743422801	0.406491582385089	0.16184813578019	-0.0344061513060385	0.629038055872227
TRINITY_DN1520_c0_g1	1.51567141664314	1.74177696578375	1.08571726698378	-1.11800319630394	-0.108400957134221	-1.96594863524776	0.455710436070794	-0.830325455490461	-0.776197841305088
TRINITY_DN2078_c0_g1	2.77663794197688	4.49261530263301	3.11676196885274	-4.23976923187296	-4.23976923187296	-4.23976923187296	0.575447527931381	1.419641617384	0.338203336840852
TRINITY_DN77_c0_g1	2.02851767840005	0.022500294488017	1.12540100242339	-0.289693402816024	-2.96597692503701	-3.53747435326662	1.60746219899593	0.895636423064172	1.1136270837481
TRINITY_DN370_c0_g1	-1.8187143937135	-1.09470704511586	-1.83308679681338	0.85401088515637	0.0192475314499685	0.154301553873038	1.34623678261363	1.49539744138917	0.877314041160568
TRINITY_DN1863_c0_g1	2.28854876115373	3.48416108362272	2.63301116128775	-3.99603940010915	-3.99603940010915	-3.99603940010915	1.69700143778061	0.998449813422989	0.88694594305965
TRINITY_DN477_c0_g1	1.44675191630912	1.00132884259619	1.26109809725021	-0.840699901332509	-0.78329114356121	-1.55914591403519	-0.301775153652638	-0.019418129612097	-0.204848613961872
TRINITY_DN124_c0_g1	-1.17482747160422	-1.64762993279247	-1.16006344552312	1.56862709466151	0.774831166076217	-0.207706605831883	0.255952269790044	0.947993696945893	0.642823228278025
TRINITY_DN1431_c0_g1	-1.16127315489969	-3.82074384953717	-1.41834914973535	2.1911691200183	0.847531507622781	2.00762152198635	-0.948431583149855	2.70958812830594	-0.407112540611308
TRINITY_DN2254_c0_g1	2.9622962784192	3.12665022356523	3.19009591348244	-4.21254952948059	-4.21254952948059	3.34041153535385	-4.21254952948059	-0.212729877632694	0.230924515253733
TRINITY_DN324_c0_g1	2.09518215045203	0.402363145939217	1.81562917079084	-1.00695039311612	-1.13050783236238	-2.25837280904619	-0.420815860576852	0.178225819389642	0.325246608529818
TRINITY_DN1390_c0_g1	2.23878802173884	2.07060129340844	2.27726734970739	-4.22368253282495	-1.85910220052366	-0.471117458762409	-0.267117056381251	0.225069877625155	0.00929270601244347
TRINITY_DN1409_c0_g1	-0.245713330231842	-3.75605384047689	-1.66049840420663	2.14382898083531	1.38819718888889	2.09643549672472	0.170681523164474	-0.2022325839442	0.0653549692461706
TRINITY_DN1986_c0_g1	1.22843004581813	1.16156339543736	1.42768369818051	0.243791763792485	0.155120680902405	0.0630746398826432	-0.84580101474838	-1.94308051835764	-1.49078269090752
TRINITY_DN2137_c0_g1	1.77578301215491	2.26555286268703	1.06653348024411	-4.41065811866809	-4.41065811866809	-4.41065811866809	2.95946255945305	2.5088130685689	2.65582937289626
TRINITY_DN1416_c0_g1	-0.800925368783135	-3.95786466578978	-1.9743348139445	2.25583149054421	1.81011719527397	2.68309976257422	-0.382440972379158	-0.113601097060336	0.480118469564495
TRINITY_DN668_c0_g1	-2.54350630536755	-2.78281229028368	-2.39559308454878	0.980515775493567	0.609377783814793	0.822517193844462	1.81262377359547	1.79097976596121	1.7058973874905
TRINITY_DN1476_c4_g2	-1.53350785621332	-2.37423785180222	-0.83244328372705	-0.112909447690352	-0.716196457874155	-1.43173868472829	1.91379364711638	2.9090111892243	2.17822874569472
TRINITY_DN312_c0_g1	2.66489757774569	2.8026680084937	2.0300287741167	0.0359447873019221	-5.22577406248602	-5.22577406248602	1.60579920812317	-1.04173185620001	2.35394162539085
TRINITY_DN402_c0_g1	-2.39206541586078	-1.65673482463658	-2.30312330652808	1.02450659584163	0.658018537421324	0.547948694741585	1.35536845672868	1.5451079875228	1.22097327476942
TRINITY_DN1032_c0_g1	-0.630229024247537	-3.75802869981153	-1.65928089759915	1.842209537806	1.78489501144303	2.46541760131676	-0.207666026338599	-0.123414492869941	0.286096990300965
TRINITY_DN174_c0_g1	0.127908144697472	0.177471913192784	0.417305698387368	-0.122520538481678	-0.414871881589301	-6.64603544936814	2.00500188656483	2.36753009566629	2.08821013093037
TRINITY_DN1676_c0_g1	1.8925643648777	1.86505017198287	1.06116256782064	-0.354467162235434	-0.412985661661231	-1.12244811065515	-0.65728688694503	-0.475228685130502	-1.79636059805388
TRINITY_DN1142_c0_g1	-0.581589366174418	-3.96858476221747	-1.23624510723761	2.31331580035847	1.51021090148433	2.34748968057447	0.1424470389844	-0.173334251933424	-0.353709933838752
TRINITY_DN723_c0_g1	1.72478896606946	0.369773193388935	1.59929664262351	-2.0482756383881	-1.50484803213654	-1.08809644781677	0.372725971638526	0.529815126894511	0.0448202177264765
TRINITY_DN617_c0_g1	4.12606500754804	2.98724528197475	4.15869807667737	-2.52425438390643	-2.52425438390643	-2.52425438390643	1.34926355333196	-2.52425438390643	-2.52425438390643
TRINITY_DN1222_c0_g1	1.98985721097274	3.16005077559439	1.76572042251474	-2.21007425373028	-2.32677161908244	-3.35782787417398	-0.173815034686563	0.782928356606697	0.369932015984694
TRINITY_DN315_c0_g1	-0.409363451156699	1.83545649033747	0.392599887252656	1.49865110307261	3.40885239590296	3.92796199527674	-2.3369796745788	-2.0713861637886	-6.24579258231835
TRINITY_DN2144_c0_g1	-0.891805515314124	-2.74326135582664	-1.40220418618192	2.0149760772904	1.63701238722665	2.39645857743846	-0.55183528517341	-0.531923418261115	0.0725827188016952
TRINITY_DN1961_c0_g1	2.9102806219276	3.38287906156502	2.71804506422349	-1.09838446795951	-4.337324147317	0.502836919823846	-0.00561893081810805	0.264610025871667	-4.337324147317
TRINITY_DN697_c0_g1	2.98633976039648	4.62491916954858	2.99487970543708	0.0545635578107353	-5.56675574320346	-5.56675574320346	-0.026449437672194	0.509952983589844	-0.0106942527036109
TRINITY_DN1471_c1_g2	-1.83019672628402	-1.93345966089752	-1.19659172522238	0.568642673423872	0.0343568100497684	-0.121828828875739	0.998808022525452	2.20347332186322	1.27679611341734
TRINITY_DN2303_c0_g1	0.331338796748082	0.450193756160819	-0.671101734065147	-0.729174479144199	0.763111252969535	-6.36266381463998	2.20968777368116	2.53789510506246	1.47071334322727
TRINITY_DN1668_c0_g1	-1.87969111468169	-1.86960992633646	-2.17702727018317	0.970917623477648	1.15276593197658	0.748830971866827	0.566817337999497	0.779252334886216	1.70774411099456
TRINITY_DN2271_c0_g1	-1.52058171110622	-1.9334943502446	-1.33799303466037	0.405495978665347	0.904469296424279	1.18779293157371	0.75171459850278	0.78969938767636	0.752896903168707
TRINITY_DN1373_c0_g1	2.2959514831431	2.1806494720267	2.16699602623807	-1.49606340698812	-1.75136487442712	-2.07802878949989	-0.22466583339885	-0.647316045004061	-0.446158032089835
TRINITY_DN1100_c0_g1	-2.59710212106689	-1.7442986726801	-2.20348321737477	0.329124063224569	0.722027451381779	0.707332679033222	1.78974180393461	1.27305817216364	1.72359984138393
TRINITY_DN744_c0_g1	0.399208064311489	-0.16137907837763	0.534540078849115	-4.0727678249243	-0.611889753183378	-0.704022440562984	1.16964982761472	1.68860215556921	1.75805897070377
TRINITY_DN257_c0_g1	2.29911653719271	2.10994589827849	1.79192222996631	-5.33973927208508	-0.589132767249491	-1.1415594653349	0.852040492934727	-0.0181718960496786	0.0355782423469142
TRINITY_DN771_c0_g1	-1.94559591959281	-2.32045304307687	-1.50843846311333	1.37133726275483	1.19402179588623	0.365465760912636	0.784307170267057	1.10683076234411	0.952524673618136
TRINITY_DN928_c0_g1	1.00530524569835	-1.97475305573488	-3.68360243284006	-3.68360243284006	0.38119421307175	-3.68360243284006	6.15508781563325	-1.82548899441137e-05	5.48399133474164
TRINITY_DN1183_c0_g1	1.26781451647492	1.70494540905594	1.23358167419663	-0.332692343403865	-6.35752173444477	-2.35869440062567	1.48367147451098	2.07789433977578	1.28100106446006
TRINITY_DN2343_c0_g1	-2.90411024072876	-1.73027696612548	-0.580749749811201	1.18213507363047	0.376011035865018	0.312615771956625	0.779328974304641	0.855639530421284	1.7094065704874
TRINITY_DN895_c0_g2	0.0374110654403683	-3.15213588374764	-1.88697842563934	1.6949228612945	2.36064127035942	2.31655387303141	-0.402621791094931	-0.639747870673127	-0.328045098970655
TRINITY_DN1118_c0_g1	1.64668232808465	1.02419837196743	1.21648519997947	-0.0464221524214734	-0.491717082979668	0.982296743400703	-0.681583454580212	-0.678500711813641	-2.97143924163726
TRINITY_DN1059_c0_g1	2.54776701177425	2.75482056223254	2.31901512801144	-4.91549577267621	-4.91549577267621	0.48411968482408	0.944622806590953	0.648516492761161	0.132129859158009
TRINITY_DN253_c0_g1	1.42820968758148	1.62127360066975	0.279393188009941	0.811665101605376	2.76539106359385	1.99741676545746	-1.81789265251747	-1.55463822303816	-5.53081853136221
TRINITY_DN2009_c0_g1	-2.85094305377495	-1.61175868726486	-1.84209111975741	1.14164259525878	0.0891667789738699	1.21440891332523	1.32118027426235	1.21243356707888	1.32596073189811
TRINITY_DN631_c0_g1	-4.36194499402768	-0.770058142679385	-1.28669979151353	2.5117108966659	2.80028181189992	2.94403356466374	-0.391815817952584	-0.591415924135964	-0.854091602920414
TRINITY_DN1020_c0_g1	2.95231684276579	2.17514029866903	2.48634198696333	-5.89589294578779	-5.89589294578779	-1.05573187864695	1.87181481385045	1.65360681228672	1.70829701568722
TRINITY_DN1164_c0_g1	-1.78563394528588	-1.34781528077513	-1.44143837006558	-0.0398337962241406	0.716938804037962	-0.365740157772487	1.24487684926314	1.60565662903092	1.41298926779121
TRINITY_DN1323_c0_g1	-1.67887885392834	-0.513524484703362	-1.64424344955754	1.10809722670345	1.22933754401557	1.09705149968643	0.439676334437966	-0.0018372076702402	-0.0356786089839378
TRINITY_DN2317_c0_g1	0.810780177668478	0.0446752125846182	0.646506073108165	-1.82667770186594	-1.23481260581173	-0.814313201933439	0.731545028732807	0.498766625597852	1.1435303919192
TRINITY_DN1116_c0_g1	3.03741520926935	3.76020023854484	2.75458956360536	-2.59944363055558	-1.62328473120105	-6.49842585731694	0.7797076137643	-0.384850366026435	0.774091959916145
TRINITY_DN1447_c0_g1	-1.89439500413326	-1.75484377509782	-0.582860786822964	0.653591530344627	0.125875145821707	-0.301337585220224	0.600940463224227	1.97400580443705	1.17902420744665
TRINITY_DN812_c0_g1	1.05785081395678	2.0939550713373	1.30856838718106	-1.46875622183063	-1.5409987227975	-0.134175637426845	-0.803523268689609	-0.0193246149912163	-0.493595806739341
TRINITY_DN1849_c0_g1	1.42696225432309	1.07732691993128	1.36410782445324	-0.364082044022662	-1.06692750475207	-1.22790082944876	-0.185354451039394	-0.744747006591129	-0.279385162853591
TRINITY_DN1461_c0_g1	-0.660934080242766	-3.45448165610624	-1.89498120872124	2.09630526549677	1.64677412405587	2.44406181902347	-0.242285211411305	-0.239681602388055	0.305222550293504
TRINITY_DN1229_c0_g1	-1.37232618400385	0.0330115640923694	0.255371480837313	-0.194196175997767	2.0339380120334	2.12357186328429	-1.04802085413121	-0.869257091263411	-0.962092614851133
TRINITY_DN1353_c0_g1	1.33765693837049	1.89342605525717	1.31984248265887	-0.743603154424465	-2.11761589206957	-0.571019148489351	-0.875483718485706	-0.114010854969237	-0.129192707848199
TRINITY_DN1407_c0_g1	-0.703894247039063	-3.73718305433285	-1.46921036418924	1.8312524332662	1.98949684082287	2.29974995668515	-0.139956760634425	-0.0476617786914453	-0.0225930258872022
TRINITY_DN1149_c0_g1	2.23067004803415	1.53472132501226	1.90791305599752	-1.03688592820758	-1.78321564410069	-2.43671308581493	-0.189287187424862	-0.285228796281746	0.0580262127858866
TRINITY_DN895_c0_g1	-0.653280371196734	-3.78988977619375	-1.59148202318239	1.99227278846955	1.76203387245872	2.59831171579643	-0.137613090801031	-0.117969694233938	-0.0623834211168628
TRINITY_DN70_c0_g1	3.176169865955	3.20463231359032	2.36362022160419	1.07013843835115	-5.55958245266611	-5.55958245266611	0.0947385112788721	0.949907546713067	0.259958007839616
TRINITY_DN1399_c0_g1	1.80759595705531	0.286708276448472	1.44698158017851	-0.815839443724672	-1.02397502813501	-1.73369023328002	-0.686263621851463	0.653732074474222	0.0647504388346523
TRINITY_DN1277_c0_g1	1.06361409474786	1.43859465145764	0.853810075631806	-1.1708301712941	-0.694357909100822	-3.20892358661269	0.92495208419553	0.347705095087373	0.445435665887405
TRINITY_DN1356_c0_g1	-0.337013228108514	-3.63040275427176	-1.7843038338205	1.74242858933515	1.71486278500209	2.50927625091027	-0.7703341830562	0.575488727733449	-0.0200023537239726
TRINITY_DN490_c0_g1	0.132835655794446	-0.379297603972244	-0.534608698948372	-0.908838108986521	-1.35504452188376	-1.5176393608507	1.24325188215545	1.81333428301149	1.50600647368022
TRINITY_DN1363_c0_g1	1.65966476731387	1.32947668579085	1.02565610689089	-1.8717884970035	-1.99232495643901	-2.14760015686947	0.67157497157034	0.811822441882892	0.513518636863146
TRINITY_DN1124_c0_g1	-0.626077998779255	-3.35780839694744	-1.39030993756685	2.45535307903091	1.18322989452414	2.27753906730374	-0.412318141523194	-0.297268426723987	0.16766086068194
TRINITY_DN2242_c0_g1	-1.3637209289412	-0.114177853669069	-1.18579131321362	-1.80155287193466	-1.52680096273229	-1.12183660202848	2.47211387179053	2.17124557257344	2.47052108815534
TRINITY_DN1699_c0_g1	0.0727178242433757	-0.415606071392673	1.31861800077116	-0.305720333701369	-0.998259360835519	-5.94527087364491	1.7906235727502	2.07262320431848	2.41027403749126
TRINITY_DN1022_c0_g1	-1.01227877882797	0.988901709698311	0.413092812446004	0.0457864846594269	2.41461693602725	3.0150872219465	-0.824220390218423	-2.7321590351868	-2.30882696054431
TRINITY_DN612_c0_g1	-1.64181488405248	-3.60687034461057	-0.998571158521902	2.1623298124423	1.51411721308717	2.72145255983055	0.276424277407612	-0.331042737426943	-0.0960247381557462
TRINITY_DN39_c0_g1	-0.998861103823791	-1.26271971231393	-1.83100347188845	0.901783294295731	0.889615627283163	0.825744758135192	0.814902413784122	0.196247800100235	0.464290394427726
TRINITY_DN1204_c0_g1	-0.697011403820401	-3.50276537957244	-2.24596282250078	1.84841313374362	1.48870307308156	2.13254792281076	-0.507378977232442	0.990155643195122	0.493298810295009
TRINITY_DN1293_c0_g1	-2.04522049505333	-1.56756540242968	-1.81007940837969	1.04459660134233	0.275315428716096	0.171412778307728	1.12367885096139	1.42288065319008	1.38498099334508
TRINITY_DN1589_c0_g1	2.56275705433772	3.13164878341369	1.85542850919448	-4.24959997507023	-4.24959997507023	-4.24959997507023	1.80726530215767	1.82710875172307	1.56459152438404
TRINITY_DN1188_c0_g1	-0.904205762342379	-3.00566892672929	-1.92243001214136	1.8520102874435	1.37707574140983	2.11143194121301	0.178874351010714	0.518110282024862	-0.205197901888885
TRINITY_DN1440_c0_g1	-0.288428339329581	-4.13468192981683	-2.11899447787035	2.21055051662253	1.48943405322633	2.45513057139693	-0.310482693708236	0.504017918336764	0.193454381142441
TRINITY_DN478_c0_g1	-0.747896685963759	-4.18202118560961	-1.376283229869	1.84235406477563	2.07218384017385	2.63611152750155	0.119991389333721	0.0813290910881284	-0.445768811430521
TRINITY_DN1421_c0_g1	-1.15783215161111	-3.76749224687022	-2.14740195683317	2.1115577876409	1.79568383746187	2.50194456757518	-0.298381496872993	0.445755950664795	0.51616570884474
TRINITY_DN2190_c0_g1	2.38217500388903	3.05472155990287	2.20718800639924	-3.7852632140819	-3.7852632140819	-3.7852632140819	0.715156448627768	1.55430178385496	1.44224683957185
TRINITY_DN1238_c0_g1	-1.25383609662873	-2.1538021688712	-1.82230398381073	-0.0337266823219808	-0.393685878710477	3.51132827997294	2.84776534011962	-3.50212996150552	2.80039115175607
TRINITY_DN2302_c0_g1	3.31170893347174	2.70640180309399	2.46786421177365	-4.4726314544787	-4.4726314544787	-4.4726314544787	0.387288413305641	2.43939559886146	2.10523540292963
TRINITY_DN821_c0_g1	1.11842090153476	0.904624706245864	1.03824109281735	-0.204062199310405	0.699267398894823	0.705640065987966	-1.47982820269763	-0.847483335250995	-1.93482042822174
TRINITY_DN1476_c4_g1	-1.12626742583631	-2.60294683040075	-1.29799535560253	0.665796414180152	0.122591396700491	0.427424067140276	0.780609932654134	1.87324973867081	1.15753806249373
TRINITY_DN1476_c4_g6	-1.7458200543167	-2.37853932154861	-0.675842310826216	-0.131126120588025	-0.706656561881655	-1.89100296199618	2.1547121389335	3.01897671697972	2.35529847524416
TRINITY_DN2136_c0_g1	-1.61097906957527	-1.04892850281292	-1.68579107378218	0.622030807570106	1.71215160144955	1.13637753358068	-0.763216267750774	1.08218377401084	0.556171197309965
TRINITY_DN1417_c0_g1	1.76949587570076	1.28354574215111	1.34742045398204	-0.195954284644017	-0.3203051142482	-1.39651467744173	-0.787268882974903	-1.00364068547083	-0.696778427054237
TRINITY_DN1011_c0_g1	3.41566044905322	1.47539851632271	2.40629686980585	-0.587955431328684	-1.34398151700575	-4.43659821325727	0.312163891576255	-0.337369093882719	-0.903615471283613
TRINITY_DN1747_c0_g1	1.73382474398986	2.12988414510364	1.99613722679291	-0.187735034566426	-1.09341509646427	-1.6438275808344	-0.0801964805987243	-2.03316511504274	-0.821506808379849
TRINITY_DN2046_c0_g1	-0.741051211025088	-0.387674135757303	-1.08099460266132	-1.56207892779976	0.0230853996142804	0.121797611068089	1.80581014203981	0.744990597196414	1.07611512732488
TRINITY_DN1084_c0_g1	2.62041414523948	1.11152984568078	1.23215048451437	-2.98160832946404	-0.801359129312898	-6.43696843133214	1.38893800915306	2.04825308701393	1.81865031850746
TRINITY_DN1278_c0_g1	1.93916699496329	2.46699642121391	1.6256199601553	0.644444223460594	-1.0840534095501	-2.15938860195483	-0.252747983778834	-0.88225703390682	-2.29778057060252
TRINITY_DN1100_c1_g1	-2.15580308556994	-1.87417981044882	-1.9662480226647	0.937501471515244	0.730072501726532	0.0899088070162897	1.43710567272124	1.50591830352181	1.29572416218235
TRINITY_DN1906_c0_g1	-2.07478026794239	-2.14449438867168	-2.04010034054484	1.18824273158329	1.33097279335768	1.13733716812683	0.872125789150401	0.92047580315541	0.810220711785295
TRINITY_DN1182_c0_g1	1.03077036938139	1.30797625824298	0.847682487682732	-0.878381813986861	-1.93497483723485	-4.22435711159618	1.24807702309582	0.999237016670651	1.60397060774432
TRINITY_DN1076_c0_g1	-0.449491829059466	-4.33532883998976	-2.04582335109954	2.48368188453606	1.52654747860699	2.11314435634758	0.819948372316569	0.167641594991139	-0.280319666649572
TRINITY_DN1644_c0_g1	1.69201958689331	0.873943106308817	0.892820665883469	-4.3897674043757	-4.3897674043757	-4.3897674043757	2.94466679224094	3.41798677980682	3.34786528199374
TRINITY_DN526_c0_g1	2.11327146118405	1.14215876136033	1.82320603525715	0.116264466051325	-0.905204737818096	0.089947136250573	-0.603336182312638	-0.992510427063356	-2.78379651290934
TRINITY_DN1518_c0_g1	2.94802497811857	4.20277271747027	3.29901563806017	-3.42105757333161	-3.42105757333161	-3.42105757333161	0.487755334407942	-3.42105757333161	2.74666162526947
TRINITY_DN1475_c1_g1	-1.39859526857975	-2.37704549325418	-0.787304852437956	0.654126146785114	0.432659381039313	0.234618081489355	0.439475767603481	1.80030303303928	1.00176320431535
TRINITY_DN1103_c0_g1	-1.67293939960278	-1.98908998952527	-1.86130878463756	0.897283551718767	0.284534824429091	0.695570657936278	1.28742583167036	1.28934291890933	1.06918038910177
TRINITY_DN748_c0_g1	1.79934202379006	0.109189910521067	1.48853268993499	-1.3535196129734	-0.758710498548419	-1.13643439351302	-0.547815940987718	0.504014626655223	-0.104598804878778
TRINITY_DN1547_c0_g1	-0.798570041021191	-1.66151211216379	-0.64478030247397	1.05848582608225	1.82774231108518	0.7081670899746	-0.0706566771111454	0.054568164255091	-0.473444258627044
TRINITY_DN1471_c1_g1	-1.4663083979859	-2.33543869405911	-1.27400082904988	0.658548264591735	0.372853850366775	0.193700668142492	0.718519376051994	2.01200358319109	1.12012217875081
TRINITY_DN924_c0_g1	2.73684614550476	2.76677258635619	1.98212271731929	1.68694249451257	-2.00347840842596	-0.269800854697602	-1.24308809978927	-2.40952096111009	-3.2467956196699
TRINITY_DN689_c0_g1	4.26621143685824	3.12212694888429	2.84674534153075	-2.89050876279358	-2.89050876279358	-2.89050876279358	0.533875908744516	0.79307541515653	-2.89050876279358
TRINITY_DN1033_c0_g1	0.291005727436406	1.8207950461516	0.473050891423116	-0.981283562405689	-5.61186376834482	-1.8081200998396	1.73345276265281	1.96088950439132	2.12207349853486
TRINITY_DN1330_c0_g1	-2.40648523451779	-1.77299567852967	-2.16463060383486	1.1397437297387	0.485812328686409	0.474350881425577	1.43762229021998	1.40987432182925	1.3967079649824
TRINITY_DN2217_c0_g1	2.39612074624457	1.86369007638715	2.27924414854083	-2.15968156475197	-0.915540251765911	-1.47861617674597	-1.58973319725881	0.461697586330688	-0.857181366980566
TRINITY_DN1542_c0_g1	-0.683789234174756	-2.02468347115275	-1.48076854446927	-0.340866373236202	-0.534660395832783	0.553389146357631	1.64218295884247	1.36082713473087	1.5083687789348
TRINITY_DN1980_c0_g1	5.0842839221875	3.79696855007811	4.27626616949468	-2.19291977362671	-2.19291977362671	-2.19291977362671	-2.19291977362671	-2.19291977362671	-2.19291977362671
TRINITY_DN873_c0_g1	1.53770269543847	1.61800662055158	1.38742115616011	-0.812861613018576	-1.19217201294402	-2.22312211441342	-0.06350790302311	0.255585273029672	-0.507052101780694
TRINITY_DN1396_c0_g1	-2.32873504725086	-2.06801531063293	-2.37466172906995	0.809872093595541	0.445450045406327	1.43607307968394	1.60632377121819	1.03247089490156	1.44122220214817
TRINITY_DN594_c0_g1	-1.11260364113827	-0.36074377444427	-0.420907876115727	0.927093126249766	2.42233396050809	1.09645044753595	-0.660166873858701	-1.17779768178016	-0.713657686956673
TRINITY_DN1555_c0_g1	-0.88103214247148	-1.38497393481822	-0.83450158871528	2.19658401699177	0.118326309786871	1.66756195926868	0.271096311072905	-1.01176725124493	-0.141293679870314
TRINITY_DN736_c0_g1	2.96970433890884	2.24201743374943	3.19735311267982	-4.05588928240195	-4.05588928240195	-4.05588928240195	1.4486039947065	-0.196913668109926	2.50690263527117
TRINITY_DN1721_c0_g1	3.57188072731013	2.21142317653325	2.94374439765602	-3.39143154679662	-3.39143154679662	-3.39143154679662	2.93681252701368	-3.39143154679662	1.9018653586734
TRINITY_DN1698_c0_g1	1.92625897376945	2.37761153611297	2.29844943365228	-4.04431862832523	-4.04431862832523	-4.04431862832523	1.17775172692195	2.43780360807216	1.91508060644689
TRINITY_DN140_c0_g1	-0.991255355770583	-1.29704230998504	-2.71910494302513	0.912908347662336	0.643324893946746	1.06357825334533	0.788683800968251	0.444943956628997	1.1539633562291
TRINITY_DN1917_c0_g1	1.83911087107508	2.9813981440063	1.76658652167222	-5.68843650863675	-0.438194946827722	-0.744280845196386	-0.139013762890086	0.138620327863404	0.284210198933941
TRINITY_DN2095_c0_g1	-1.86928757512705	-1.98388728222498	-1.95193784966127	1.54761757752689	0.371730709833178	0.173687238711263	1.46153624191145	1.15324166892374	1.09729927010677
TRINITY_DN1215_c0_g1	-2.33337263407593	-2.43946269400962	-2.46454526906337	1.43260272546085	0.991065953650091	1.22582127159844	1.24927669326346	1.31614306223088	1.02247089094519
TRINITY_DN1817_c0_g1	1.53202728941205	3.08151553472098	1.78821733836362	-1.40231087341457	-5.8102074221641	-1.67738384545577	1.52422677445253	0.743521695500419	0.220393508584842
TRINITY_DN523_c0_g1	1.55224472741065	0.823287539891897	1.2175458351599	1.37108892231884	1.74629758983923	1.40338300218387	-0.694375171311829	-0.732510097892958	-6.68696234759959
TRINITY_DN144_c0_g1	-1.01754572823583	-1.56886055571277	-1.58969000427227	0.553404262314707	0.841342615169414	-0.536917293240777	1.62364473354671	0.432368051450583	1.26225391898023
TRINITY_DN983_c0_g1	-1.63157730118184	-1.49340210198308	-1.09335584288163	0.7747683550663	0.509684424323995	0.97473687421912	0.102342935024319	1.28770574253711	0.569096914875695
TRINITY_DN1419_c0_g1	-0.376611852484067	0.0766800610887941	-0.364278216783741	-0.141800905788134	-2.02867269340776	-1.9313595676346	1.55268954002565	1.89238702936915	1.3209666056147
TRINITY_DN1273_c0_g1	1.62217537790232	-0.877659464154402	0.943574088340721	1.15047696708789	1.71171666778822	-0.298635154939435	-0.898870726570554	-1.93639472845177	-1.41638302700299
TRINITY_DN527_c0_g1	-3.99577051320517	-2.86944560845225	-3.02177213986321	2.32607374267359	2.00609805238911	0.992722375538298	1.31575976649334	2.10214046382227	1.14419386060403
TRINITY_DN1053_c0_g1	-0.192572233507157	-3.88379797208562	-1.56713704683066	2.00028594472351	1.49678281452283	2.51723306392244	-0.267753497924218	-0.285115242514351	0.18207416969323
TRINITY_DN1601_c0_g1	2.23275123355091	1.11506070131171	2.579438147426	-0.934361996637853	-1.61981837701994	-6.088532012896	0.633701740835988	0.243065728276671	1.83869483515252
TRINITY_DN993_c0_g1	1.66519287369174	1.13324833936597	1.44005882462953	-1.04978082994679	-0.765223518996213	-0.516793526071191	-0.675862870856184	-0.442880319792683	-0.787958972024185
TRINITY_DN282_c0_g1	3.41873302509281	1.22100317402849	2.32651382600055	-4.9549804296581	-4.9549804296581	-4.9549804296581	3.0904516194968	2.01053837469152	2.79770126966413
TRINITY_DN2206_c0_g1	-1.39293074125167	-1.3297559921592	-0.764583857198055	0.0131500407899354	-1.48755608488333	-0.755047356844842	1.81663293949964	2.14299008909337	1.75710096295416
TRINITY_DN788_c0_g1	-2.19472897635417	-1.77606838611235	-2.19041533119967	0.989598381865324	0.809895236794882	0.407857632117379	1.37499284362144	1.30344443412682	1.27542416514035
TRINITY_DN212_c0_g1	2.678681552372	3.91372735802357	2.23478652025367	-4.97903704442259	-0.418199832836821	-0.412343641965912	-1.45874052643271	-1.19778225798921	-0.361092127002003
TRINITY_DN1403_c0_g1	1.56183908882231	0.515588041843737	1.40918783873007	-1.24349996032415	-0.881284380321857	-0.746417426715867	-0.178894713627846	-0.103696929732292	-0.332821558674105
TRINITY_DN364_c0_g1	-0.685492311399718	-3.44606031887612	-1.39656243390054	1.56886198727694	1.67988162155523	2.49011967724637	0.111407929765708	-0.124990227812695	-0.197165923855167
TRINITY_DN1474_c1_g1	-1.2321527931851	-3.90143200189222	-1.82102668650892	2.32552056613247	1.84441551622799	2.58281242747372	-0.324413952802859	0.0278083322493146	0.498468592305604
TRINITY_DN1810_c0_g1	-2.49515352091198	-2.04565119116553	-1.24662357513478	1.28554428970924	0.453935078092462	1.73135993796599	1.05184236370464	0.75172138024556	0.513025237494402
TRINITY_DN220_c0_g1	-1.48919606329893	-2.54620418431295	-2.15479057889529	0.968791144044742	0.63170457079015	0.593927090047267	0.725832550926018	1.34308833726625	1.92684713343274
TRINITY_DN1345_c0_g1	1.58633661186276	1.14939884870382	1.26546541970893	-0.422300058156844	-1.21381950441664	-0.627811193543933	-0.59126326562321	-0.310009736152771	-0.835997122382108
TRINITY_DN295_c0_g1	1.27321455128189	-0.119791411848729	0.85209240890415	-1.64236865767538	-0.406731895414485	-5.6646476867387	1.67756924309451	2.2379384648774	1.79272498351935
TRINITY_DN1476_c3_g1	-0.306842656896752	-3.95778626593117	-1.48840618396253	2.10150158653822	1.68851486070097	2.30987794803365	-0.178556441646908	-0.236384883458387	0.0680820366229078
TRINITY_DN1476_c4_g5	-1.02601990994821	-3.61202580681517	-1.19938566483249	1.8189180853005	1.77673537065912	2.03395137097808	-0.452824133541556	0.114386042230688	0.546264645969018
TRINITY_DN1443_c0_g1	-0.456938077586617	-3.6787763975804	-1.69972119758482	2.04422331797574	1.55214987377655	2.35332066985745	-0.135383664294602	-0.130938575564826	0.152064051001526
TRINITY_DN1758_c0_g1	3.33598553492661	4.6103969106135	3.58683799094001	-4.30543766333273	-4.30543766333273	-4.30543766333273	0.448648118865187	0.722291440242314	0.212152994410556
TRINITY_DN1034_c0_g1	-1.39026360855305	-1.909725197582	-1.09301321500917	-1.11543463593205	-0.372440831922928	-2.3857812147469	3.29994197133659	2.59609032212266	2.37062641028685
TRINITY_DN553_c0_g1	-1.01257202029043	-0.715946263729871	-0.651197782857123	1.43802187542365	1.4888200059247	1.32546866128128	-1.16280981814123	-0.618700516422336	-0.091084141188631
TRINITY_DN1682_c0_g1	1.44212755343255	0.777013792740279	0.989276667736056	-0.810484322331283	-2.0572486457143	-6.19204457710075	1.63060910088214	1.97656236132965	2.24418806902566
TRINITY_DN1606_c0_g1	1.19220239187091	2.00041436958735	1.00666554770763	-1.2444634222437	-1.01796958375574	-0.872717701923897	-0.522809206173092	-0.22683192229713	-0.314490472772336
TRINITY_DN1877_c0_g1	-1.91927437873097	-1.36292161331274	-1.32173647033415	1.58780948943526	1.22605505453591	1.45840142387692	0.372517198816361	0.112831735690948	-0.153682439977544
TRINITY_DN929_c0_g1	-1.80954471915002	-1.13967001541903	-2.03498562559516	1.16664892663143	-0.411928538573743	0.228232877622611	1.13545849667759	0.97848923150698	1.88729936629934
TRINITY_DN1306_c0_g1	-2.36726509477749	-2.18424123791212	-2.33898944517022	0.998395399010031	0.643587618615035	0.577775119048018	1.56368987195217	1.61951801636953	1.48752975286504
TRINITY_DN1467_c0_g1	-1.73445366571986	-1.62311458036393	-1.17473504226673	0.348133570871914	-0.0239602377996722	-0.42371929817541	0.99194643062734	2.27154551968846	1.36835730313787
TRINITY_DN1476_c2_g1	-0.0269831995897096	-3.76880483622961	-1.51424834579692	1.94622187695511	1.4842561340803	2.36007782460198	0.0805791678122976	-0.393457967420577	-0.167640654412869
TRINITY_DN2044_c0_g1	2.58579456082839	1.27532113083781	2.00323142607445	-1.70759746533747	-5.97947129935507	-1.02653207733147	0.992509020439697	0.115609192546344	1.74113551129732
TRINITY_DN23_c0_g1	-2.3308460813271	-1.81603120298854	-2.17797245537967	1.00180902419792	1.37610558816971	-0.110556250056371	1.47029214214963	1.47592208921273	1.1112771460217
TRINITY_DN2358_c0_g1	-2.38032839404052	-3.51477328651223	-1.25639113778109	1.28621460544927	0.398468548771204	0.819504364662057	0.704412046209756	2.11009659946608	1.83279665377548
TRINITY_DN1047_c0_g1	2.87329296732779	3.5175531216489	2.22182143814031	-1.63991165502425	-1.92031817205737	-2.45784073133506	-1.06807383231633	-0.22079421293891	-1.30572892344508
TRINITY_DN622_c0_g1	0.196449936447081	-3.76805037391281	-1.17027875945799	1.61354034017738	1.77891573736681	2.3079052747584	-0.254532617749581	-0.364364206656278	-0.339585330973019
TRINITY_DN936_c0_g1	1.92752868222913	0.43901106101548	1.57207440304098	-1.28596944027574	-0.502460385522214	-1.34081615115113	-0.0543651355837351	-0.250686389143668	-0.504316644609094
TRINITY_DN1193_c0_g1	1.49835339890606	0.858556315448375	1.33892173825002	-0.154499943490948	0.766328695412549	-0.030026581915485	-2.10950773594058	-0.535624077559338	-1.63250180911066
TRINITY_DN1104_c0_g1	1.00659352824007	1.17127475683969	1.21160853407602	0.591488467854786	-0.113270864344943	1.49015160733651	-1.27267083294536	-1.31069490500232	-2.77448029205446
TRINITY_DN1736_c0_g1	-1.42272787969507	-1.64116764144021	-2.20066198361245	1.13475659168815	1.42225315470231	-1.43395008919715	1.79732399415466	1.01389605136981	1.33027780202994
TRINITY_DN1476_c4_g3	-0.491870505606974	-3.91578449929743	-1.45479164795609	2.34333970241771	1.06039591300822	1.97918753360044	0.381991390931232	0.315390816851323	-0.217858703948433
TRINITY_DN1420_c0_g1	1.50768876164312	2.38266093015958	1.18575596452086	-0.467754788853546	-0.656602231292034	-1.46418111969822	-0.721824703250652	-0.588399599066822	-1.17734321416229
TRINITY_DN2328_c0_g1	3.19891612847809	2.71265421794361	1.09212254556016	-4.12009658208833	-4.12009658208833	-4.12009658208833	3.33407108402657	0.499199036016694	1.52332673423987
TRINITY_DN1893_c0_g1	1.71254697903147	1.61984232610661	2.19047054294323	-4.25293719384941	-4.25293719384941	-4.25293719384941	1.79075726737657	2.91009854581851	2.53509592027184
TRINITY_DN1462_c0_g1	1.65686826956098	1.24961315194648	1.36892230403227	-4.73106894277447	-2.92238722033587	-1.41249332131059	1.51110891156444	1.52298859310129	1.75644825421547
TRINITY_DN1159_c0_g1	-1.19775032919796	-1.2009128279037	-1.4580986502967	1.68065545444006	1.13974527714589	0.783763543961328	-0.000791542391503697	0.335770377644073	-0.0823813034014869
TRINITY_DN1452_c0_g1	-2.61676321369419	-2.22072226296508	-2.42469779452811	1.19558434378741	0.748662763143701	0.612111246375584	1.50150141955963	1.69387831349955	1.51044518482152
TRINITY_DN15_c0_g1	0.612539337353661	-0.280057275416828	0.476893704609345	-1.3880184968212	-6.04399993586408	-0.126544310799816	2.43858620583165	1.76063448836896	2.5499662827383
TRINITY_DN1959_c0_g1	1.23293195796648	0.976498561727989	0.676153077745615	-0.0682108893682365	1.12182877309307	0.885163592604234	-1.86187726016346	-0.860300034826874	-2.10218777877882
TRINITY_DN1216_c0_g1	-0.589813360619964	-3.378576476231	-1.88116432717526	2.24253526336805	1.64518615122543	2.14795585363941	-0.472082932489769	0.481804306259182	-0.195844477976072
TRINITY_DN878_c0_g1	5.31961831100745	3.38768380663386	3.57250880657641	-3.53508491628327	-3.53508491628327	-3.53508491628327	1.55042472185856	0.310104019056806	-3.53508491628327
TRINITY_DN443_c0_g1	-1.38351831184439	-1.14640950308433	-1.40499027397915	0.456391773354106	0.236594188874378	-0.183879203212454	0.939888129457859	1.46458413109175	1.02133906934223
TRINITY_DN1859_c0_g1	-1.13252903088623	-0.623512541116148	-1.31405189472634	-0.137197276918855	0.33486525640595	0.113063349751403	0.854228962920995	0.834036166392949	1.07109700817627
TRINITY_DN431_c0_g1	-0.651951142066359	-0.226354548086925	-0.559473977796721	-0.736384542840801	-1.2511742066122	-0.332802870531215	1.26764654103911	1.44368323761038	1.04681150928474
TRINITY_DN1343_c0_g1	-0.537989504724633	-3.4544676106267	-1.70151598259877	1.98073756979382	1.47203774483576	2.18770277829651	-0.18136570463956	0.169513211565219	0.0653474980983511
TRINITY_DN884_c0_g1	1.89395751212642	2.60432258551481	1.35929354101289	1.39939675887395	-1.44508337330078	-2.55770473796935	-0.740111561358677	-1.12678222098823	-1.38728850391104
TRINITY_DN1511_c0_g1	2.08891941097105	0.457469355074439	1.84142104353021	-0.736838884108485	-0.0973938931675917	-1.2979951459827	-1.09185517719082	-0.96097133747911	-0.202755371646985
TRINITY_DN2201_c0_g1	1.18725402365863	0.442113136353346	1.89820382553826	-1.6334578480844	-1.35921931316551	-5.79478123769931	1.06124582173866	1.97596853719709	2.22267305446323
TRINITY_DN1457_c0_g1	-0.778395314338942	-1.90414358169753	-0.813449773312039	0.216621879064229	-0.35643394168387	-0.507460226136008	0.841714901003545	2.03767238009243	1.26387367700818
TRINITY_DN2100_c0_g1	1.43701960562022	-0.0310588326657646	0.693619986922281	-0.460788166561835	-0.174800467230279	-6.91703578747965	1.53705371912162	1.62733754072098	2.28865240155242
TRINITY_DN810_c0_g1	-2.79769213296694	-2.37091160000226	-2.39103066505126	1.02091423877522	0.720763980449565	0.623452780120049	1.72444188471696	1.89645917393424	1.57360234002443
TRINITY_DN854_c1_g1	-1.03747462468127	-3.96731535176435	-1.98828641359463	2.21834792548875	1.88289787860236	2.9625298153572	-0.629942530851195	-0.255627611036059	0.814870912479183
TRINITY_DN2070_c0_g1	-0.838224074837551	-0.560615072542707	-0.399875852574239	-2.23616620381784	-0.0243914362748718	-1.56309301825953	1.43873635293425	2.3558678180345	1.82776148733799
TRINITY_DN157_c0_g1	3.08068725503656	2.71480536789967	2.59975414429078	0.21435421407659	-5.39504617592984	-5.39504617592984	1.37785558486704	0.819447806399642	-0.0168120207105993
TRINITY_DN119_c0_g1	-2.48782033985457	-2.1378343590853	-1.68143436678688	1.07800723146162	1.58848942764382	-0.114462454234801	1.62341885721366	0.805104956848481	1.32653104679396
TRINITY_DN1065_c0_g1	3.91784091532885	2.3969347682894	3.39547755828356	-2.30702165339248	-1.83609315831408	-2.40148157107158	-1.29050408064223	-0.264673128393956	-1.61047965008748
TRINITY_DN1394_c0_g1	2.22945908681668	0.708143650186861	1.55713433662294	-1.06471346309665	0.796844227298737	-1.20056858133616	-0.834605766029773	-0.318682070165265	-1.87301142029737
TRINITY_DN1150_c0_g1	-0.527799461989922	-2.96049037363341	-2.00157096628102	2.16915754153079	1.39551089691557	2.15263983187102	-0.430824168129474	0.104323807928692	0.099052891787764
TRINITY_DN2366_c0_g1	-2.78938327865068	-1.48758991725291	-1.65618739432987	2.11204052699988	2.4004872196244	2.39313571698341	-1.79374050602132	0.673776183062879	0.147461449584204
TRINITY_DN988_c0_g1	-0.382012804379421	-3.53101979575582	-1.60580584121321	2.06498217102685	1.2977774157034	2.53666103654186	-0.302954825062301	-0.223157489236341	0.145530132374985
TRINITY_DN1139_c0_g1	-1.02414937981577	-3.59171105904855	-1.26527405020898	1.97270384666133	1.78976445304519	2.03823799353327	-0.605627676858332	1.61498078029278	-0.928924907600947
TRINITY_DN1867_c0_g1	-0.106589557717543	-0.344868157640819	-0.441387005066487	-0.588395283180203	-0.948138827372556	-1.0113718300071	1.18267853077282	0.681422394555806	1.57664973565607
TRINITY_DN1283_c0_g1	-2.41945762675765	-2.52086510461558	-1.82637849146566	0.685033980908296	0.244045027841644	0.0560891149351672	1.91115516275102	1.94228819259436	1.9280897438084
TRINITY_DN1723_c0_g1	-1.01017723745121	-0.607258932547658	-0.729918252179459	1.19630376124391	-2.61566465129235	0.326099557877211	1.26525661069651	0.993023586393271	1.18233555725977
TRINITY_DN1064_c0_g1	-2.15815612226594	-2.55737894956759	-2.0105561354225	0.919573706257124	0.603750741817793	0.438761089345885	1.62768021957029	1.57917239003078	1.55715306023415
TRINITY_DN2230_c0_g1	-1.28418756637903	-2.06351556638951	-1.81104506073866	0.982754282767081	0.884828401654882	-0.321903818120246	1.21283843701029	1.19309967516438	1.20713121503081
TRINITY_DN2079_c0_g1	-2.25608123845653	-2.41851147938416	-2.09893739528929	0.788579808155044	0.962039096770344	0.239436013048815	1.56584444131452	1.72122215027684	1.4964086035644
TRINITY_DN1617_c0_g1	3.50773658328422	3.1655052648386	2.57258052904925	-3.65367751112586	-3.65367751112586	-3.65367751112586	-3.65367751112586	2.45231478129426	2.91657288603711
TRINITY_DN528_c0_g1	2.95896206788941	3.08346565116878	2.66382845074861	-5.26842764705633	-5.26842764705633	-5.26842764705633	2.60004923669636	2.22206226012737	2.27691527453844
TRINITY_DN802_c0_g1	1.49313422118946	1.10458527425301	0.749107203734781	1.23761809525109	0.840788205247669	0.417351608298186	-0.998785262279764	-2.6428876947725	-2.20091165092193
TRINITY_DN1472_c0_g1	1.26603716051523	1.8852088191387	1.18443431882803	-0.711965617439153	-1.37137702000573	-0.733627783233628	-0.185836106426022	-0.795681050844046	-0.53719272053338
TRINITY_DN1695_c0_g1	-0.0971812010428774	-0.58028521378978	-0.750409214917549	0.908960763020035	0.876289672746855	2.81496440947651	-1.20442496972905	-0.927887195988244	-1.04002704977589
TRINITY_DN314_c0_g1	1.21905182006731	1.64418274027008	1.10973633657067	-1.80481783631172	-0.808783690075612	-1.11693657708327	-0.24893710221537	-0.229008781199908	0.235513089977826
TRINITY_DN404_c0_g1	-0.887069087793042	-3.92822412815003	-1.56203128889385	2.14440210378658	1.56441117219281	2.44676502658752	-0.37819011932433	-0.00716337756785279	0.607099699162191
TRINITY_DN602_c0_g1	-1.54875281762615	-1.31765970917919	-1.94571443806832	0.791394235145743	0.897378204180837	0.197986117550434	1.01644291741679	0.769391426928539	1.13953406365132
TRINITY_DN1726_c0_g1	3.43167403845624	3.72398039342703	3.35486321042874	-2.50962011117816	2.03758291357877	-2.50962011117816	-2.50962011117816	-2.50962011117816	-2.50962011117816
TRINITY_DN1391_c0_g1	1.03892142291711	0.932191234466146	1.15641669200983	-1.83564720670942	-0.309363462158152	-1.24904154517181	-0.00480095751376641	0.0517964463224603	0.219527375837595
TRINITY_DN265_c0_g1	-2.11867049925582	-1.67627938817742	-2.12637540470563	1.55727269895014	0.96091798560237	0.181771574458635	1.20285354032735	1.23600383416267	0.782505658637712
TRINITY_DN1952_c0_g1	-0.922331645717405	-0.0545451495781917	-0.0104427831173988	0.924903886250156	1.5528694898475	1.81327054662707	-0.209835152215093	-2.06239694757843	-1.03149224451821
TRINITY_DN322_c0_g1	-1.1809539114616	-1.77198068930428	-0.92683620653849	0.229774087552704	1.012430718172	-0.126104283523999	0.888206197784116	1.05702117002929	0.818442917290275
TRINITY_DN2272_c0_g1	-1.16261931134179	-0.870916928643641	-1.10431566288684	0.419038410998815	-0.28641845222324	-2.14789348142844	1.93445448833565	1.96960422186599	1.24906671532349
TRINITY_DN1459_c0_g1	-2.06520713347568	-2.42624662863635	-1.37257516378007	1.17800088131538	0.925733198075347	0.0612247004944813	0.664886439823498	1.9477577160329	1.08642599015049
TRINITY_DN2022_c0_g1	-2.10923435256284	-1.4894779085251	-0.94412951906169	0.744300858330913	0.917643654555961	0.535912231193683	0.639238703436094	1.00952169798791	0.696224634645079
TRINITY_DN1476_c1_g1	-0.426152417582788	-3.3062572443475	-2.0612144197198	2.1546849717438	1.71746717117938	2.04104712330588	-0.0215231457616589	-0.342033390649661	0.243981351832357
TRINITY_DN950_c0_g1	-0.682509930146812	-3.53866626718281	-1.52654098573184	1.92051964439339	1.6005980170251	2.51625547854057	-0.776197734267292	0.163998387603076	0.322543389766611
TRINITY_DN1470_c0_g1	-0.76048395994783	-3.95013300625968	-1.81315369020437	2.23533073077662	1.58732952212558	2.74779801641663	-0.693159802766873	0.164932852676706	0.481539337183218
TRINITY_DN806_c0_g1	-2.34526940092309	-1.39938987013847	-1.94543216935611	0.850816280359375	0.34414810179357	-0.173550069249027	1.62759539734521	1.66913544000505	1.37194629016347
TRINITY_DN1308_c0_g1	-2.26725591078802	-1.22566508265384	-1.24110751468091	1.56484029706069	1.34606588303448	1.32011199992451	-0.0279192015033018	-0.0285869230778957	0.559516452684276
TRINITY_DN325_c0_g1	1.42266851624464	1.13871372083964	0.057139552119442	-1.65390154290743	-2.1526754206921	-2.14619429999494	1.46750957357491	1.20963119790268	0.657108702913162
TRINITY_DN1429_c0_g1	0.273833131290829	-1.46386545863294	-0.158382968832745	-0.379027013659048	-0.791498240952883	-1.19297547430187	0.696540553150502	1.89001141785659	1.12536405408156
TRINITY_DN1157_c0_g1	-1.90372872872898	-1.22626046528295	-1.56921806378337	0.771180354101165	0.765488885797351	0.194989011693284	0.920935208566812	1.11399292589611	0.93262087174058
TRINITY_DN128_c0_g1	2.02133875725802	1.89587427533055	2.33359694093527	2.65452941227693	3.35357816922621	0.25133958328642	-4.17008571277113	-4.17008571277113	-4.17008571277113
TRINITY_DN1024_c0_g1	-0.514518228773486	-3.4852898837732	-1.75245850437632	2.14710563082489	1.35862495141111	2.32679803402187	-0.0852783007176487	-0.153406801974231	0.158423103357016
