TRINITY_DN10882_c0_g1 3.163 3.992 2.321 2.305 0.250 0.165 0.993 0.634 0.288
TRINITY_DN11902_c0_g1 3.667 3.405 2.225 0.382 0.865 0.990 0.361 0.405 0.070
TRINITY_DN12400_c0_g1 1.803 0.893 1.151 0.393 0.292 0.382 1.604 1.039 3.221
TRINITY_DN12754_c0_g1 4.201 2.442 4.670 0.414 0.344 0.413 1.073 2.245 1.024
TRINITY_DN13730_c0_g1 5.843 2.565 5.390 0.967 0.375 0.351 1.183 2.297 1.173
TRINITY_DN15041_c0_g1 2.791 3.580 2.925 0.117 0.000 0.000 4.321 3.190 3.549
TRINITY_DN15041_c1_g1 2.851 2.294 1.218 0.000 0.188 0.382 2.045 1.631 1.312
TRINITY_DN25799_c0_g1 7.344 5.471 7.356 1.604 0.584 0.268 2.396 2.432 1.929
TRINITY_DN28010_c1_g1 1.481 5.498 1.736 1.923 0.469 0.392 0.692 0.343 0.905
TRINITY_DN28013_c0_g1 8.906 13.079 8.785 23.081 18.870 8.869 50.663 49.454 33.603
TRINITY_DN28609_c0_g1 8.916 9.166 10.348 1.073 2.084 1.289 5.875 3.741 2.823
TRINITY_DN31261_c1_g1 7.919 12.930 7.710 20.850 16.099 8.550 44.166 46.118 29.179
TRINITY_DN32141_c0_g2 30.144 19.338 21.933 12.130 10.816 4.517 0.812 3.325 0.447
TRINITY_DN33218_c0_g1 31.806 16.957 18.288 4.142 2.459 1.031 3.890 2.920 2.674
TRINITY_DN33259_c0_g1 12.906 9.131 8.813 1.976 0.917 0.815 1.614 1.611 1.442
TRINITY_DN33827_c1_g1 25.973 43.412 28.876 20.202 15.109 9.777 84.452 79.184 54.301
TRINITY_DN343_c0_g1 1.330 3.353 1.899 0.244 0.584 0.650 1.745 1.528 1.094
TRINITY_DN34897_c0_g1 18.961 25.807 21.770 2.443 2.146 0.928 10.929 5.871 7.287
TRINITY_DN36241_c0_g2 68.327 79.873 62.067 150.019 101.063 115.682 462.595 284.461 307.158
TRINITY_DN36512_c0_g1 144.230 134.288 138.386 8.253 11.556 6.178 22.118 13.239 14.077
TRINITY_DN36837_c1_g1 63.672 102.528 63.765 233.813 146.337 105.751 441.460 432.656 302.684
TRINITY_DN38142_c0_g1 44.178 104.410 45.898 21.700 12.608 10.282 26.179 24.691 16.553
TRINITY_DN38524_c0_g1 61.587 96.278 50.396 14.339 9.117 4.156 26.409 19.245 21.196
TRINITY_DN3866_c0_g1 5.128 6.189 4.431 0.127 0.000 0.165 0.130 0.322 0.050
TRINITY_DN39066_c0_g1 119.597 64.448 84.221 11.025 7.169 4.084 12.904 24.888 11.095
TRINITY_DN39066_c0_g2 170.505 86.788 113.173 8.019 5.543 2.795 11.390 24.400 13.034
TRINITY_DN40024_c0_g2 39.080 63.056 34.716 110.730 72.127 42.511 290.052 286.809 184.915
TRINITY_DN40394_c0_g1 48.570 94.361 48.095 18.131 14.265 6.384 30.470 34.001 27.210
TRINITY_DN42427_c0_g1 18.799 30.342 22.949 47.733 24.924 15.119 119.123 108.052 73.797
TRINITY_DN4429_c0_g1 2.146 11.766 3.395 0.446 0.000 1.929 2.507 0.000 3.957
TRINITY_DN48908_c0_g1 3.657 2.189 2.417 0.733 0.000 0.093 0.622 1.756 0.109
TRINITY_DN48995_c0_g1 5.783 3.449 3.539 0.191 0.625 0.763 0.251 0.790 0.766
TRINITY_DN50877_c0_g1 0.635 2.521 0.940 0.170 0.333 0.505 2.998 1.465 0.974
TRINITY_DN50973_c0_g1 4.957 1.838 3.529 0.446 0.000 0.433 0.221 1.299 0.756
TRINITY_DN51872_c0_g1 3.063 1.436 2.676 0.871 0.167 0.340 0.672 1.850 0.000
TRINITY_DN52174_c0_g1 4.483 1.777 1.458 3.739 0.323 0.000 0.000 0.000 0.000
TRINITY_DN53067_c0_g1 2.267 5.130 2.110 0.818 0.229 0.227 0.451 0.863 0.268
TRINITY_DN5432_c0_g1 4.463 3.834 4.440 0.935 1.021 0.474 3.118 5.611 2.724
TRINITY_DN56163_c0_g1 3.224 2.941 2.944 1.030 0.333 0.670 0.381 1.631 0.378
TRINITY_DN56249_c0_g1 1.612 1.952 4.555 4.450 5.783 0.856 0.752 0.717 1.104
TRINITY_DN56311_c0_g1 0.433 0.858 0.211 1.530 3.564 0.578 2.276 3.481 1.730
TRINITY_DN57840_c0_g1 2.922 1.261 2.858 0.659 0.052 0.248 0.050 0.218 0.060
TRINITY_DN59460_c0_g1 1.229 2.434 1.199 0.170 0.813 0.650 0.160 0.353 0.000
TRINITY_DN60018_c0_g1 1.632 1.978 0.355 0.584 1.917 0.959 0.381 0.208 0.219
TRINITY_DN60198_c0_g1 3.103 3.204 3.040 0.701 0.000 0.134 0.682 0.894 0.636
TRINITY_DN779_c0_g1 1.058 3.353 0.997 0.340 0.000 0.495 3.399 1.018 2.466
TRINITY_DN8649_c0_g1 1.370 11.485 1.160 0.096 0.490 1.454 3.228 0.000 1.680
